# matlab 240923
color_intrinsic:
  fx: 898.585519517629
  fy: 897.830808562876
  ppx: 644.868864551821
  ppy: 368.928639287169

depth_intrinsic:
  left:
    fx: 634.537964
    fy: 632.701904
    ppx: 634.371765
    ppy: 396.724243
  right:
    fx: 633.313110
    fy: 631.548462
    ppx: 638.905457
    ppy: 394.174133

# 240928
transformation:
  qw: 0.5423175958975865
  qx: -0.22009025307875743
  qy: 0.15884924463684857
  qz: 0.7951218920127237
  x: 0.6509534229707019
  y: -0.4695840156781785
  z: 0.30430114405655434